
 OpenBabel07302509583D

 27 27  0  0  0  0  0  0  0  0999 V2000
   15.8625    5.0410    0.3222 N   0  0  0  0  0  0  0  0  0  0  0  0
   15.2453    5.1677   -3.1463 N   0  0  0  0  0  1  0  0  0  0  0  0
   12.4952    5.2584   -0.3222 N   0  0  0  0  0  1  0  0  0  0  0  0
   14.4990    3.8973   -1.2149 Ca  0  0  0  0  0  0  0  0  0  0  0  0
   13.1124    5.1317    3.1463 N   0  0  0  0  0  2  0  0  0  0  0  0
   15.9962    2.4313    3.8454 N   0  0  0  0  0  2  0  0  0  0  0  0
   15.3305    4.7229    4.2685 Ca  0  0  0  0  0  0  0  0  0  0  0  0
   13.5959    8.6676    0.1473 N   0  0  0  0  0  2  0  0  0  0  0  0
   13.8586    6.4021    1.2149 Ca  0  0  0  0  0  0  0  0  0  0  0  0
   15.8796    7.8496   -1.3957 Ba  0  0  0  0  0  0  0  0  0  0  0  0
   15.9962    7.5810    2.0193 N   0  0  0  0  0  0  0  0  0  0  0  0
   15.3305    9.8726    1.5962 Ca  0  0  0  0  0  0  0  0  0  0  0  0
   19.4880    3.5179   -0.1473 N   0  0  0  0  0  1  0  0  0  0  0  0
   17.7534    4.7229   -1.5962 Ca  0  0  0  0  0  0  0  0  0  0  0  0
   20.0568    5.5765    1.5962 Ca  0  0  0  0  0  0  0  0  0  0  0  0
   17.8387    5.1677    2.7184 N   0  0  0  0  0  4  0  0  0  0  0  0
   17.2214    5.0410    6.1869 N   0  0  0  0  0  1  0  0  0  0  0  0
   18.5849    3.8973    4.6498 Ca  0  0  0  0  0  0  0  0  0  0  0  0
   17.2043    2.6999    1.3957 Ba  0  0  0  0  0  0  0  0  0  0  0  0
   20.6059    7.5994   -1.3957 Ba  0  0  0  0  0  1  0  0  0  0  0  0
   18.3222    6.7814    0.1473 N   0  0  0  0  0  2  0  0  0  0  0  0
   18.5849    9.0470    1.2149 Ca  0  0  0  0  0  0  0  0  0  0  0  0
   17.2214   10.1907   -0.3222 N   0  0  0  0  0  2  0  0  0  0  0  0
   20.7225    7.8681    2.0193 N   0  0  0  0  0  1  0  0  0  0  0  0
   17.8387   10.3174    3.1463 N   0  0  0  0  0  2  0  0  0  0  0  0
   17.0062    6.1489    1.3315 W   0  0  1  0  0  0  0  0  0  0  0  0
   17.2043    7.8496    4.4690 Ba  0  0  0  0  0  0  0  0  0  0  0  0
  1 26  1  0  0  0  0
  2  4  1  0  0  0  0
  3  9  1  0  0  0  0
  4  1  1  0  0  0  0
  5  7  1  0  0  0  0
  6  7  1  0  0  0  0
  8 12  1  0  0  0  0
  9  5  1  0  0  0  0
 10 23  1  0  0  0  0
 10  8  1  0  0  0  0
 11 27  1  0  0  0  0
 12 11  1  0  0  0  0
 14 13  1  0  0  0  0
 14  1  1  0  0  0  0
 15 24  1  0  0  0  0
 15 16  1  0  0  0  0
 16 18  1  0  0  0  0
 18 17  1  0  0  0  0
 19 16  1  0  0  0  0
 19  6  1  0  0  0  0
 20 21  1  0  0  0  0
 22 25  1  0  0  0  0
 23 22  1  0  0  0  0
 25 27  1  0  0  0  0
 26 21  1  6  0  0  0
 26 11  1  0  0  0  0
 26 16  1  0  0  0  0
M  END
$$$$
